0.628386   
0.582130   
0.546963   
0.517656   
0.484789   
0.444029   
0.401072   
0.366665   
0.345078   
0.331151   
0.317204   
0.298281   
0.274742   
0.250573   
0.230643   
0.220094   
0.223985   
0.246758   
0.288486   
0.341510   
0.395619   
0.447851   
0.501316   
0.556719   
0.609202   
0.651912   
0.682626   
0.704891   
0.723637   
0.741263   
0.757002   
0.769033   
0.777263   
0.783909   
0.792653   
0.806689   
0.826183   
0.847488   
0.865113   
0.874514   
0.873536   
0.861371   
0.837144   
0.799416   
0.747735   
0.686580   
0.625190   
0.569120   
0.518442   
0.471789   
0.427754   
0.385936   
0.345012   
0.302803   
0.258720   
0.215897   
0.178936   
0.149611   
0.125853   
0.106045   
0.091543   
0.085616   
0.092272   
0.115817   
0.159946   
0.222336   
0.293567   
0.364574   
0.429374   
0.486231   
0.534890   
0.574704   
0.604351   
0.624093   
0.635616   
0.640031   
0.637852   
0.630361   
0.620680   
0.612947   
0.611291   
0.618797   
0.636669   
0.664442   
0.699047   
0.734008   
0.760833   
0.773667   
0.771813   
0.760550   
0.746184   
0.728636   
0.705847   
0.681064   
0.659380   
0.644842   
0.638371   
0.637251   
0.637058   
0.632724   
0.619035   
0.591089   
0.547292   
0.496244   
0.451714   
0.418209   
0.390600   
0.362437   
0.332310   
0.307305   
0.297512   
0.305843   
0.327625   
0.354345   
0.379542   
0.399559   
0.415013   
0.430932   
0.455283   
0.493034   
0.542406   
0.593941   
0.638087   
0.672282   
0.700121   
0.725682   
0.750533   
0.773871   
0.794506   
0.811974   
0.827003   
0.840726   
0.854022   
0.867198   
0.879845   
0.890961   
0.898524   
0.899306   
0.888591   
0.861789   
0.818183   
0.764608   
0.709639   
0.656666   
0.603893   
0.548581   
0.490489   
0.431839   
0.375463   
0.322597   
0.273345   
0.227292   
0.184943   
0.146743   
0.113646   
0.086295   
0.065371   
0.051657   
0.045818   
0.048837   
0.063227   
0.093640   
0.144220   
0.213100   
0.289476   
0.361335   
0.421860   
0.470776   
0.511317   
0.544485   
0.567456   
0.579113   
0.581742   
0.577469   
0.567746   
0.555124   
0.543388   
0.536592   
0.537565   
0.547760   
0.567902   
0.598062   
0.636372   
0.675732   
0.706571   
0.722729   
0.725864   
0.725711   
0.731820   
0.739373   
0.739787   
0.735268   
0.732391   
0.735111   
0.742503   
0.750922   
0.757913   
0.762331   
0.760851   
0.747208   
0.714829   
0.666216   
0.616105   
0.575905   
0.544889   
0.514463   
0.476185   
0.430903   
0.388815   
0.357741   
0.336818   
0.318750   
0.297333   
0.271380   
0.243703   
0.218463   
0.199853   
0.192099   
0.200257   
0.227939   
0.273063   
0.326626   
0.381042   
0.435998   
0.493507   
0.551601   
0.603813   
0.644424   
0.673453   
0.695232   
0.713895   
0.730519   
0.743604   
0.751991   
0.756629   
0.760734   
0.768513   
0.782719   
0.803152   
0.825957   
0.845802   
0.858194   
0.860448   
0.851255   
0.829826   
0.794646   
0.745708   
0.688258   
0.630746   
0.578466   
0.531859   
0.489548   
0.450991   
0.415413   
0.380489   
0.342657   
0.300026   
0.255798   
0.215922   
0.183827   
0.157751   
0.135258   
0.117147   
0.107644   
0.111277   
0.132862   
0.174476   
0.233795   
0.302275   
0.371827   
0.436824   
0.494951   
0.544878   
0.586155   
0.618403   
0.642325   
0.658792   
0.668265   
0.670799   
0.667413   
0.660735   
0.654910   
0.653849   
0.661019   
0.677652   
0.703164   
0.734237   
0.765073   
0.788452   
0.798704   
0.793944   
0.776950   
0.752183   
0.722211   
0.688996   
0.655795   
0.626201   
0.602488   
0.586287   
0.576697   
0.569453   
0.558439   
0.537933   
0.503299   
0.456233   
0.407074   
0.365923   
0.334340   
0.306753   
0.279898   
0.256352   
0.244248   
0.249953   
0.274712   
0.313447   
0.358893   
0.404670   
0.446689   
0.483922   
0.518373   
0.555439   
0.597229   
0.641345   
0.681428   
0.713028   
0.736011   
0.753418   
0.768511   
0.783306   
0.798217   
0.812971   
0.827335   
0.841367   
0.854937   
0.867924   
0.879305   
0.887013   
0.887167   
0.874206   
0.841857   
0.789025   
0.725723   
0.665971   
0.614742   
0.568482   
0.521141   
0.469479   
0.415733   
0.363825   
0.315729   
0.270873   
0.229170   
0.190917   
0.156858   
0.126505   
0.100042   
0.078917   
0.065808   
0.063116   
0.073346   
0.099901   
0.145166   
0.207106   
0.278343   
0.350132   
0.415769   
0.472037   
0.518858   
0.556966   
0.585083   
0.602884   
0.611679   
0.612819   
0.606990   
0.596200   
0.583968   
0.574949   
0.573043   
0.580653   
0.598432   
0.626234   
0.662085   
0.700078   
0.731240   
0.748366   
0.750373   
0.744093   
0.738628   
0.733593   
0.722975   
0.707981   
0.694627   
0.687759   
0.688278   
0.693109   
0.697634   
0.698751   
0.692865   
0.674051   
0.637466   
0.587469   
0.538563   
0.500793   
0.472267   
0.444281   
0.410640   
0.374635   
0.347036   
0.334907   
0.336069   
0.341530   
0.343788   
0.339662   
0.330934   
0.323018   
0.323628   
0.339970   
0.376044   
0.427783   
0.483348   
0.532939   
0.575664   
0.616339   
0.657328   
0.695167   
0.725896   
0.749208   
0.767657   
0.784322   
0.800761   
0.816839   
0.831487   
0.844658   
0.857346   
0.870963   
0.885364   
0.897566   
0.902705   
0.896837   
0.877792   
0.845365   
0.801139   
0.747152   
0.686001   
0.622144   
0.559917   
0.501028   
0.445121   
0.391109   
0.338482   
0.287261   
0.238271   
0.192795   
0.152628   
0.119224   
0.092758   
0.072345   
0.057695   
0.049401   
0.048552   
0.057520   
0.081020   
0.125102   
0.190218   
0.266548   
0.340403   
0.404049   
0.456077   
0.499329   
0.535426   
0.561737   
0.576216   
0.581086   
0.578990   
0.571217   
0.559516   
0.547215   
0.538306   
0.536407   
0.543491   
0.560599   
0.587998   
0.624591   
0.664558   
0.698736   
0.719512   
0.726064   
0.725945   
0.730106   
0.738168   
0.740632   
0.736490   
0.732224   
0.733116   
0.739362   
0.747950   
0.755484   
0.760765   
0.761584   
0.752577   
