    0.9448    1.0907    1.1305    1.1423
    0.9466    1.1192    1.1254    1.1461
    0.9586    1.1364    1.1232    1.1435
    0.9820    1.1431    1.1245    1.1305
    1.0155    1.1421    1.1290    1.1047
    1.0540    1.1369    1.1356    1.0672
    1.0907    1.1305    1.1423    1.0220
    1.1192    1.1254    1.1461    0.9740
    1.1364    1.1232    1.1435    0.9272
    1.1431    1.1245    1.1305    0.8842
    1.1421    1.1290    1.1047    0.8462
    1.1369    1.1356    1.0672    0.8136
    1.1305    1.1423    1.0220    0.7858
    1.1254    1.1461    0.9740    0.7617
    1.1232    1.1435    0.9272    0.7401
    1.1245    1.1305    0.8842    0.7196
    1.1290    1.1047    0.8462    0.6994
    1.1356    1.0672    0.8136    0.6792
    1.1423    1.0220    0.7858    0.6594
    1.1461    0.9740    0.7617    0.6412
    1.1435    0.9272    0.7401    0.6269
    1.1305    0.8842    0.7196    0.6196
    1.1047    0.8462    0.6994    0.6234
    1.0672    0.8136    0.6792    0.6421
    1.0220    0.7858    0.6594    0.6769
    0.9740    0.7617    0.6412    0.7254
    0.9272    0.7401    0.6269    0.7820
    0.8842    0.7196    0.6196    0.8409
    0.8462    0.6994    0.6234    0.8976
    0.8136    0.6792    0.6421    0.9496
    0.7858    0.6594    0.6769    0.9960
    0.7617    0.6412    0.7254    1.0364
    0.7401    0.6269    0.7820    1.0709
    0.7196    0.6196    0.8409    1.0998
    0.6994    0.6234    0.8976    1.1232
    0.6792    0.6421    0.9496    1.1414
    0.6594    0.6769    0.9960    1.1549
    0.6412    0.7254    1.0364    1.1643
    0.6269    0.7820    1.0709    1.1710
    0.6196    0.8409    1.0998    1.1766
    0.6234    0.8976    1.1232    1.1836
    0.6421    0.9496    1.1414    1.1944
    0.6769    0.9960    1.1549    1.2103
    0.7254    1.0364    1.1643    1.2304
    0.7820    1.0709    1.1710    1.2504
    0.8409    1.0998    1.1766    1.2638
    0.8976    1.1232    1.1836    1.2642
    0.9496    1.1414    1.1944    1.2488
    0.9960    1.1549    1.2103    1.2187
    1.0364    1.1643    1.2304    1.1771
    1.0709    1.1710    1.2504    1.1281
    1.0998    1.1766    1.2638    1.0752
    1.1232    1.1836    1.2642    1.0210
    1.1414    1.1944    1.2488    0.9675
    1.1549    1.2103    1.2187    0.9163
    1.1643    1.2304    1.1771    0.8679
    1.1710    1.2504    1.1281    0.8228
    1.1766    1.2638    1.0752    0.7805
    1.1836    1.2642    1.0210    0.7403
    1.1944    1.2488    0.9675    0.7012
    1.2103    1.2187    0.9163    0.6624
    1.2304    1.1771    0.8679    0.6239
    1.2504    1.1281    0.8228    0.5864
    1.2638    1.0752    0.7805    0.5515
    1.2642    1.0210    0.7403    0.5209
    1.2488    0.9675    0.7012    0.4968
    1.2187    0.9163    0.6624    0.4817
    1.1771    0.8679    0.6239    0.4786
    1.1281    0.8228    0.5864    0.4909
    1.0752    0.7805    0.5515    0.5211
    1.0210    0.7403    0.5209    0.5689
    0.9675    0.7012    0.4968    0.6304
    0.9163    0.6624    0.4817    0.6990
    0.8679    0.6239    0.4786    0.7680
    0.8228    0.5864    0.4909    0.8323
    0.7805    0.5515    0.5211    0.8889
    0.7403    0.5209    0.5689    0.9365
    0.7012    0.4968    0.6304    0.9743
    0.6624    0.4817    0.6990    1.0025
    0.6239    0.4786    0.7680    1.0215
    0.5864    0.4909    0.8323    1.0321
    0.5515    0.5211    0.8889    1.0356
    0.5209    0.5689    0.9365    1.0337
    0.4968    0.6304    0.9743    1.0282
    0.4817    0.6990    1.0025    1.0214
    0.4786    0.7680    1.0215    1.0162
    0.4909    0.8323    1.0321    1.0154
    0.5211    0.8889    1.0356    1.0220
    0.5689    0.9365    1.0337    1.0381
    0.6304    0.9743    1.0282    1.0636
    0.6990    1.0025    1.0214    1.0958
    0.7680    1.0215    1.0162    1.1287
    0.8323    1.0321    1.0154    1.1548
    0.8889    1.0356    1.0220    1.1685
    0.9365    1.0337    1.0381    1.1682
    0.9743    1.0282    1.0636    1.1562
    1.0025    1.0214    1.0958    1.1364
    1.0215    1.0162    1.1287    1.1129
    1.0321    1.0154    1.1548    1.0889
    1.0356    1.0220    1.1685    1.0670
    1.0337    1.0381    1.1682    1.0486
    1.0282    1.0636    1.1562    1.0345
    1.0214    1.0958    1.1364    1.0241
    1.0162    1.1287    1.1129    1.0159
    1.0154    1.1548    1.0889    1.0075
    1.0220    1.1685    1.0670    0.9956
    1.0381    1.1682    1.0486    0.9768
    1.0636    1.1562    1.0345    0.9491
    1.0958    1.1364    1.0241    0.9130
    1.1287    1.1129    1.0159    0.8715
    1.1548    1.0889    1.0075    0.8286
    1.1685    1.0670    0.9956    0.7882
    1.1682    1.0486    0.9768    0.7533
    1.1562    1.0345    0.9491    0.7259
    1.1364    1.0241    0.9130    0.7073
    1.1129    1.0159    0.8715    0.6980
    1.0889    1.0075    0.8286    0.6975
    1.0670    0.9956    0.7882    0.7044
    1.0486    0.9768    0.7533    0.7168
    1.0345    0.9491    0.7259    0.7326
    1.0241    0.9130    0.7073    0.7504
    1.0159    0.8715    0.6980    0.7696
    1.0075    0.8286    0.6975    0.7908
    0.9956    0.7882    0.7044    0.8157
    0.9768    0.7533    0.7168    0.8466
    0.9491    0.7259    0.7326    0.8847
    0.9130    0.7073    0.7504    0.9290
    0.8715    0.6980    0.7696    0.9756
    0.8286    0.6975    0.7908    1.0202
    0.7882    0.7044    0.8157    1.0596
    0.7533    0.7168    0.8466    1.0928
    0.7259    0.7326    0.8847    1.1204
    0.7073    0.7504    0.9290    1.1436
    0.6980    0.7696    0.9756    1.1640
    0.6975    0.7908    1.0202    1.1828
    0.7044    0.8157    1.0596    1.2012
    0.7168    0.8466    1.0928    1.2195
    0.7326    0.8847    1.1204    1.2378
    0.7504    0.9290    1.1436    1.2559
    0.7696    0.9756    1.1640    1.2734
    0.7908    1.0202    1.1828    1.2897
    0.8157    1.0596    1.2012    1.3036
    0.8466    1.0928    1.2195    1.3127
    0.8847    1.1204    1.2378    1.3131
    0.9290    1.1436    1.2559    1.3003
    0.9756    1.1640    1.2734    1.2722
    1.0202    1.1828    1.2897    1.2308
    1.0596    1.2012    1.3036    1.1799
    1.0928    1.2195    1.3127    1.1236
    1.1204    1.2378    1.3131    1.0649
    1.1436    1.2559    1.3003    1.0059
    1.1640    1.2734    1.2722    0.9476
    1.1828    1.2897    1.2308    0.8908
    1.2012    1.3036    1.1799    0.8358
    1.2195    1.3127    1.1236    0.7827
    1.2378    1.3131    1.0649    0.7317
    1.2559    1.3003    1.0059    0.6830
    1.2734    1.2722    0.9476    0.6368
    1.2897    1.2308    0.8908    0.5933
    1.3036    1.1799    0.8358    0.5526
    1.3127    1.1236    0.7827    0.5153
    1.3131    1.0649    0.7317    0.4822
    1.3003    1.0059    0.6830    0.4545
    1.2722    0.9476    0.6368    0.4340
    1.2308    0.8908    0.5933    0.4234
    1.1799    0.8358    0.5526    0.4262
    1.1236    0.7827    0.5153    0.4460
    1.0649    0.7317    0.4822    0.4853
    1.0059    0.6830    0.4545    0.5430
    0.9476    0.6368    0.4340    0.6134
    0.8908    0.5933    0.4234    0.6884
    0.8358    0.5526    0.4262    0.7601
    0.7827    0.5153    0.4460    0.8234
    0.7317    0.4822    0.4853    0.8755
    0.6830    0.4545    0.5430    0.9157
    0.6368    0.4340    0.6134    0.9447
    0.5933    0.4234    0.6884    0.9633
    0.5526    0.4262    0.7601    0.9730
    0.5153    0.4460    0.8234    0.9752
    0.4822    0.4853    0.8755    0.9713
    0.4545    0.5430    0.9157    0.9633
    0.4340    0.6134    0.9447    0.9530
    0.4234    0.6884    0.9633    0.9429
    0.4262    0.7601    0.9730    0.9359
    0.4460    0.8234    0.9752    0.9351
    0.4853    0.8755    0.9713    0.9436
    0.5430    0.9157    0.9633    0.9633
    0.6134    0.9447    0.9530    0.9938
    0.6884    0.9633    0.9429    1.0317
    0.7601    0.9730    0.9359    1.0707
    0.8234    0.9752    0.9351    1.1036
    0.8755    0.9713    0.9436    1.1262
    0.9157    0.9633    0.9633    1.1379
    0.9447    0.9530    0.9938    1.1410
    0.9633    0.9429    1.0317    1.1391
    0.9730    0.9359    1.0707    1.1353
    0.9752    0.9351    1.1036    1.1322
    0.9713    0.9436    1.1262    1.1316
    0.9633    0.9633    1.1379    1.1342
    0.9530    0.9938    1.1410    1.1401
    0.9429    1.0317    1.1391    1.1482
    0.9359    1.0707    1.1353    1.1568
    0.9351    1.1036    1.1322    1.1634
    0.9436    1.1262    1.1316    1.1649
    0.9633    1.1379    1.1342    1.1575
    0.9938    1.1410    1.1401    1.1377
    1.0317    1.1391    1.1482    1.1049
    1.0707    1.1353    1.1568    1.0621
    1.1036    1.1322    1.1634    1.0142
    1.1262    1.1316    1.1649    0.9658
    1.1379    1.1342    1.1575    0.9199
    1.1410    1.1401    1.1377    0.8783
    1.1391    1.1482    1.1049    0.8416
    1.1353    1.1568    1.0621    0.8094
    1.1322    1.1634    1.0142    0.7808
    1.1316    1.1649    0.9658    0.7547
    1.1342    1.1575    0.9199    0.7298
    1.1401    1.1377    0.8783    0.7053
    1.1482    1.1049    0.8416    0.6809
    1.1568    1.0621    0.8094    0.6568
    1.1634    1.0142    0.7808    0.6339
    1.1649    0.9658    0.7547    0.6138
    1.1575    0.9199    0.7298    0.5992
    1.1377    0.8783    0.7053    0.5935
    1.1049    0.8416    0.6809    0.6008
    1.0621    0.8094    0.6568    0.6241
    1.0142    0.7808    0.6339    0.6637
    0.9658    0.7547    0.6138    0.7160
    0.9199    0.7298    0.5992    0.7750
    0.8783    0.7053    0.5935    0.8353
    0.8416    0.6809    0.6008    0.8927
    0.8094    0.6568    0.6241    0.9452
    0.7808    0.6339    0.6637    0.9916
    0.7547    0.6138    0.7160    1.0317
    0.7298    0.5992    0.7750    1.0653
    0.7053    0.5935    0.8353    1.0925
    0.6809    0.6008    0.8927    1.1136
    0.6568    0.6241    0.9452    1.1289
    0.6339    0.6637    0.9916    1.1391
    0.6138    0.7160    1.0317    1.1452
    0.5992    0.7750    1.0653    1.1489
    0.5935    0.8353    1.0925    1.1524
    0.6008    0.8927    1.1136    1.1582
    0.6241    0.9452    1.1289    1.1688
    0.6637    0.9916    1.1391    1.1856
    0.7160    1.0317    1.1452    1.2073
    0.7750    1.0653    1.1489    1.2297
    0.8353    1.0925    1.1524    1.2457
    0.8927    1.1136    1.1582    1.2491
    0.9452    1.1289    1.1688    1.2367
    0.9916    1.1391    1.1856    1.2095
    1.0317    1.1452    1.2073    1.1707
    1.0653    1.1489    1.2297    1.1246
    1.0925    1.1524    1.2457    1.0746
    1.1136    1.1582    1.2491    1.0238
    1.1289    1.1688    1.2367    0.9740
    1.1391    1.1856    1.2095    0.9267
    1.1452    1.2073    1.1707    0.8826
    1.1489    1.2297    1.1246    0.8418
    1.1524    1.2457    1.0746    0.8038
    1.1582    1.2491    1.0238    0.7673
    1.1688    1.2367    0.9740    0.7311
    1.1856    1.2095    0.9267    0.6940
    1.2073    1.1707    0.8826    0.6562
    1.2297    1.1246    0.8418    0.6185
    1.2457    1.0746    0.8038    0.5829
    1.2491    1.0238    0.7673    0.5514
    1.2367    0.9740    0.7311    0.5262
    1.2095    0.9267    0.6940    0.5098
    1.1707    0.8826    0.6562    0.5054
    1.1246    0.8418    0.6185    0.5158
    1.0746    0.8038    0.5829    0.5432
    1.0238    0.7673    0.5514    0.5872
    0.9740    0.7311    0.5262    0.6443
    0.9267    0.6940    0.5098    0.7088
    0.8826    0.6562    0.5054    0.7750
    0.8418    0.6185    0.5158    0.8383
    0.8038    0.5829    0.5432    0.8957
    0.7673    0.5514    0.5872    0.9455
    0.7311    0.5262    0.6443    0.9866
    0.6940    0.5098    0.7088    1.0187
    0.6562    0.5054    0.7750    1.0417
    0.6185    0.5158    0.8383    1.0561
    0.5829    0.5432    0.8957    1.0631
    0.5514    0.5872    0.9455    1.0641
    0.5262    0.6443    0.9866    1.0612
    0.5098    0.7088    1.0187    1.0565
    0.5054    0.7750    1.0417    1.0527
    0.5158    0.8383    1.0561    1.0529
    0.5432    0.8957    1.0631    1.0597
    0.5872    0.9455    1.0641    1.0750
    0.6443    0.9866    1.0612    1.0988
    0.7088    1.0187    1.0565    1.1285
    0.7750    1.0417    1.0527    1.1582
    0.8383    1.0561    1.0529    1.1807
    0.8957    1.0631    1.0597    1.1898
    0.9455    1.0641    1.0750    1.1838
    0.9866    1.0612    1.0988    1.1649
    1.0187    1.0565    1.1285    1.1373
    1.0417    1.0527    1.1582    1.1052
    1.0561    1.0529    1.1807    1.0722
    1.0631    1.0597    1.1898    1.0410
    1.0641    1.0750    1.1838    1.0131
    1.0612    1.0988    1.1649    0.9894
    1.0565    1.1285    1.1373    0.9696
    1.0527    1.1582    1.1052    0.9525
    1.0529    1.1807    1.0722    0.9357
    1.0597    1.1898    1.0410    0.9166
    1.0750    1.1838    1.0131    0.8922
    1.0988    1.1649    0.9894    0.8613
    1.1285    1.1373    0.9696    0.8244
    1.1582    1.1052    0.9525    0.7842
    1.1807    1.0722    0.9357    0.7442
    1.1898    1.0410    0.9166    0.7076
    1.1838    1.0131    0.8922    0.6774
    1.1649    0.9894    0.8613    0.6559
    1.1373    0.9696    0.8244    0.6450
    1.1052    0.9525    0.7842    0.6458
    1.0722    0.9357    0.7442    0.6581
    1.0410    0.9166    0.7076    0.6804
    1.0131    0.8922    0.6774    0.7105
    0.9894    0.8613    0.6559    0.7458
    0.9696    0.8244    0.6450    0.7843
    0.9525    0.7842    0.6458    0.8246
    0.9357    0.7442    0.6581    0.8664
    0.9166    0.7076    0.6804    0.9099
    0.8922    0.6774    0.7105    0.9547
    0.8613    0.6559    0.7458    0.9995
    0.8244    0.6450    0.7843    1.0418
    0.7842    0.6458    0.8246    1.0788
    0.7442    0.6581    0.8664    1.1088
    0.7076    0.6804    0.9099    1.1317
    0.6774    0.7105    0.9547    1.1486
    0.6559    0.7458    0.9995    1.1612
    0.6450    0.7843    1.0418    1.1719
    0.6458    0.8246    1.0788    1.1826
    0.6581    0.8664    1.1088    1.1951
    0.6804    0.9099    1.1317    1.2102
    0.7105    0.9547    1.1486    1.2280
    0.7458    0.9995    1.1612    1.2473
    0.7843    1.0418    1.1719    1.2660
    0.8246    1.0788    1.1826    1.2809
    0.8664    1.1088    1.1951    1.2883
    0.9099    1.1317    1.2102    1.2842
    0.9547    1.1486    1.2280    1.2655
    0.9995    1.1612    1.2473    1.2321
    1.0418    1.1719    1.2660    1.1868
    1.0788    1.1826    1.2809    1.1340
    1.1088    1.1951    1.2883    1.0777
    1.1317    1.2102    1.2842    1.0211
    1.1486    1.2280    1.2655    0.9659
    1.1612    1.2473    1.2321    0.9131
    1.1719    1.2660    1.1868    0.8629
    1.1826    1.2809    1.1340    0.8149
    1.1951    1.2883    1.0777    0.7686
    1.2102    1.2842    1.0211    0.7236
    1.2280    1.2655    0.9659    0.6797
    1.2473    1.2321    0.9131    0.6371
    1.2660    1.1868    0.8629    0.5962
    1.2809    1.1340    0.8149    0.5578
    1.2883    1.0777    0.7686    0.5229
    1.2842    1.0211    0.7236    0.4926
    1.2655    0.9659    0.6797    0.4689
    1.2321    0.9131    0.6371    0.4541
    1.1868    0.8629    0.5962    0.4517
    1.1340    0.8149    0.5578    0.4652
    1.0777    0.7686    0.5229    0.4974
    1.0211    0.7236    0.4926    0.5478
    0.9659    0.6797    0.4689    0.6120
    0.9131    0.6371    0.4541    0.6831
    0.8629    0.5962    0.4517    0.7541
    0.8149    0.5578    0.4652    0.8196
    0.7686    0.5229    0.4974    0.8763
    0.7236    0.4926    0.5478    0.9226
    0.6797    0.4689    0.6120    0.9582
    0.6371    0.4541    0.6831    0.9834
    0.5962    0.4517    0.7541    0.9991
    0.5578    0.4652    0.8196    1.0066
    0.5229    0.4974    0.8763    1.0072
    0.4926    0.5478    0.9226    1.0026
    0.4689    0.6120    0.9582    0.9948
    0.4541    0.6831    0.9834    0.9861
    0.4517    0.7541    0.9991    0.9792
    0.4652    0.8196    1.0066    0.9773
    0.4974    0.8763    1.0072    0.9834
    0.5478    0.9226    1.0026    0.9995
    0.6120    0.9582    0.9948    1.0260
    0.6831    0.9834    0.9861    1.0602
    0.7541    0.9991    0.9792    1.0963
    0.8196    1.0066    0.9773    1.1269
    0.8763    1.0072    0.9834    1.1464
    0.9226    1.0026    0.9995    1.1530
    0.9582    0.9948    1.0260    1.1489
    0.9834    0.9861    1.0602    1.1378
    0.9991    0.9792    1.0963    1.1233
    1.0066    0.9773    1.1269    1.1087
    1.0072    0.9834    1.1464    1.0964
    1.0026    0.9995    1.1530    1.0876
    0.9948    1.0260    1.1489    1.0829
    0.9861    1.0602    1.1378    1.0816
    0.9792    1.0963    1.1233    1.0822
    0.9773    1.1269    1.1087    1.0820
    0.9834    1.1464    1.0964    1.0777
    0.9995    1.1530    1.0876    1.0657
    1.0260    1.1489    1.0829    1.0431
    1.0602    1.1378    1.0816    1.0094
    1.0963    1.1233    1.0822    0.9676
    1.1269    1.1087    1.0820    0.9223
    1.1464    1.0964    1.0777    0.8777
    1.1530    1.0876    1.0657    0.8370
    1.1489    1.0829    1.0431    0.8025
    1.1378    1.0816    1.0094    0.7748
    1.1233    1.0822    0.9676    0.7543
    1.1087    1.0820    0.9223    0.7400
    1.0964    1.0777    0.8777    0.7307
    1.0876    1.0657    0.8370    0.7245
    1.0829    1.0431    0.8025    0.7199
    1.0816    1.0094    0.7748    0.7158
    1.0822    0.9676    0.7543    0.7120
    1.0820    0.9223    0.7400    0.7091
    1.0777    0.8777    0.7307    0.7094
    1.0657    0.8370    0.7245    0.7160
    1.0431    0.8025    0.7199    0.7327
    1.0094    0.7748    0.7158    0.7622
    0.9676    0.7543    0.7120    0.8043
    0.9223    0.7400    0.7091    0.8547
    0.8777    0.7307    0.7094    0.9076
    0.8370    0.7245    0.7160    0.9584
    0.8025    0.7199    0.7327    1.0045
    0.7748    0.7158    0.7622    1.0451
    0.7543    0.7120    0.8043    1.0805
    0.7400    0.7091    0.8547    1.1114
    0.7307    0.7094    0.9076    1.1386
    0.7245    0.7160    0.9584    1.1626
    0.7199    0.7327    1.0045    1.1838
    0.7158    0.7622    1.0451    1.2025
    0.7120    0.8043    1.0805    1.2190
    0.7091    0.8547    1.1114    1.2337
    0.7094    0.9076    1.1386    1.2474
    0.7160    0.9584    1.1626    1.2612
    0.7327    1.0045    1.1838    1.2760
    0.7622    1.0451    1.2025    1.2916
    0.8043    1.0805    1.2190    1.3052
    0.8547    1.1114    1.2337    1.3115
    0.9076    1.1386    1.2474    1.3047
    0.9584    1.1626    1.2612    1.2823
    1.0045    1.1838    1.2760    1.2457
    1.0451    1.2025    1.2916    1.1983
    1.0805    1.2190    1.3052    1.1437
    1.1114    1.2337    1.3115    1.0852
    1.1386    1.2474    1.3047    1.0251
    1.1626    1.2612    1.2823    0.9651
    1.1838    1.2760    1.2457    0.9063
    1.2025    1.2916    1.1983    0.8497
    1.2190    1.3052    1.1437    0.7956
    1.2337    1.3115    1.0852    0.7444
    1.2474    1.3047    1.0251    0.6960
    1.2612    1.2823    0.9651    0.6502
    1.2760    1.2457    0.9063    0.6069
    1.2916    1.1983    0.8497    0.5660
    1.3052    1.1437    0.7956    0.5279
    1.3115    1.0852    0.7444    0.4934
    1.3047    1.0251    0.6960    0.4637
    1.2823    0.9651    0.6502    0.4406
    1.2457    0.9063    0.6069    0.4263
    1.1983    0.8497    0.5660    0.4239
    1.1437    0.7956    0.5279    0.4374
    1.0852    0.7444    0.4934    0.4700
    1.0251    0.6960    0.4637    0.5224
    0.9651    0.6502    0.4406    0.5901
    0.9063    0.6069    0.4263    0.6651
    0.8497    0.5660    0.4239    0.7387
    0.7956    0.5279    0.4374    0.8048
    0.7444    0.4934    0.4700    0.8602
    0.6960    0.4637    0.5224    0.9040
    0.6502    0.4406    0.5901    0.9364
    0.6069    0.4263    0.6651    0.9583
    0.5660    0.4239    0.7387    0.9708
    0.5279    0.4374    0.8048    0.9754
    0.4934    0.4700    0.8602    0.9735
    0.4637    0.5224    0.9040    0.9668
    0.4406    0.5901    0.9364    0.9571
    0.4263    0.6651    0.9583    0.9467
    0.4239    0.7387    0.9708    0.9382
    0.4374    0.8048    0.9754    0.9350
    0.4700    0.8602    0.9735    0.9401
    0.5224    0.9040    0.9668    0.9560
    0.5901    0.9364    0.9571    0.9833
    0.6651    0.9583    0.9467    1.0195
    0.7387    0.9708    0.9382    1.0589
    0.8048    0.9754    0.9350    1.0944
    0.8602    0.9735    0.9401    1.1205
    0.9040    0.9668    0.9560    1.1355
    0.9364    0.9571    0.9833    1.1411
    0.9583    0.9467    1.0195    1.1404
    0.9708    0.9382    1.0589    1.1368
    0.9754    0.9350    1.0944    1.1331
    0.9735    0.9401    1.1205    1.1314
    0.9668    0.9560    1.1355    1.1327
    0.9571    0.9833    1.1411    1.1375