    1.0220
    0.9740
    0.9272
    0.8842
    0.8462
    0.8136
    0.7858
    0.7617
    0.7401
    0.7196
    0.6994
    0.6792
    0.6594
    0.6412
    0.6269
    0.6196
    0.6234
    0.6421
    0.6769
    0.7254
    0.7820
    0.8409
    0.8976
    0.9496
    0.9960
    1.0364
    1.0709
    1.0998
    1.1232
    1.1414
    1.1549
    1.1643
    1.1710
    1.1766
    1.1836
    1.1944
    1.2103
    1.2304
    1.2504
    1.2638
    1.2642
    1.2488
    1.2187
    1.1771
    1.1281
    1.0752
    1.0210
    0.9675
    0.9163
    0.8679
    0.8228
    0.7805
    0.7403
    0.7012
    0.6624
    0.6239
    0.5864
    0.5515
    0.5209
    0.4968
    0.4817
    0.4786
    0.4909
    0.5211
    0.5689
    0.6304
    0.6990
    0.7680
    0.8323
    0.8889
    0.9365
    0.9743
    1.0025
    1.0215
    1.0321
    1.0356
    1.0337
    1.0282
    1.0214
    1.0162
    1.0154
    1.0220
    1.0381
    1.0636
    1.0958
    1.1287
    1.1548
    1.1685
    1.1682
    1.1562
    1.1364
    1.1129
    1.0889
    1.0670
    1.0486
    1.0345
    1.0241
    1.0159
    1.0075
    0.9956
    0.9768
    0.9491
    0.9130
    0.8715
    0.8286
    0.7882
    0.7533
    0.7259
    0.7073
    0.6980
    0.6975
    0.7044
    0.7168
    0.7326
    0.7504
    0.7696
    0.7908
    0.8157
    0.8466
    0.8847
    0.9290
    0.9756
    1.0202
    1.0596
    1.0928
    1.1204
    1.1436
    1.1640
    1.1828
    1.2012
    1.2195
    1.2378
    1.2559
    1.2734
    1.2897
    1.3036
    1.3127
    1.3131
    1.3003
    1.2722
    1.2308
    1.1799
    1.1236
    1.0649
    1.0059
    0.9476
    0.8908
    0.8358
    0.7827
    0.7317
    0.6830
    0.6368
    0.5933
    0.5526
    0.5153
    0.4822
    0.4545
    0.4340
    0.4234
    0.4262
    0.4460
    0.4853
    0.5430
    0.6134
    0.6884
    0.7601
    0.8234
    0.8755
    0.9157
    0.9447
    0.9633
    0.9730
    0.9752
    0.9713
    0.9633
    0.9530
    0.9429
    0.9359
    0.9351
    0.9436
    0.9633
    0.9938
    1.0317
    1.0707
    1.1036
    1.1262
    1.1379
    1.1410
    1.1391
    1.1353
    1.1322
    1.1316
    1.1342
    1.1401
    1.1482
    1.1568
    1.1634
    1.1649
    1.1575
    1.1377
    1.1049
    1.0621
    1.0142
    0.9658
    0.9199
    0.8783
    0.8416
    0.8094
    0.7808
    0.7547
    0.7298
    0.7053
    0.6809
    0.6568
    0.6339
    0.6138
    0.5992
    0.5935
    0.6008
    0.6241
    0.6637
    0.7160
    0.7750
    0.8353
    0.8927
    0.9452
    0.9916
    1.0317
    1.0653
    1.0925
    1.1136
    1.1289
    1.1391
    1.1452
    1.1489
    1.1524
    1.1582
    1.1688
    1.1856
    1.2073
    1.2297
    1.2457
    1.2491
    1.2367
    1.2095
    1.1707
    1.1246
    1.0746
    1.0238
    0.9740
    0.9267
    0.8826
    0.8418
    0.8038
    0.7673
    0.7311
    0.6940
    0.6562
    0.6185
    0.5829
    0.5514
    0.5262
    0.5098
    0.5054
    0.5158
    0.5432
    0.5872
    0.6443
    0.7088
    0.7750
    0.8383
    0.8957
    0.9455
    0.9866
    1.0187
    1.0417
    1.0561
    1.0631
    1.0641
    1.0612
    1.0565
    1.0527
    1.0529
    1.0597
    1.0750
    1.0988
    1.1285
    1.1582
    1.1807
    1.1898
    1.1838
    1.1649
    1.1373
    1.1052
    1.0722
    1.0410
    1.0131
    0.9894
    0.9696
    0.9525
    0.9357
    0.9166
    0.8922
    0.8613
    0.8244
    0.7842
    0.7442
    0.7076
    0.6774
    0.6559
    0.6450
    0.6458
    0.6581
    0.6804
    0.7105
    0.7458
    0.7843
    0.8246
    0.8664
    0.9099
    0.9547
    0.9995
    1.0418
    1.0788
    1.1088
    1.1317
    1.1486
    1.1612
    1.1719
    1.1826
    1.1951
    1.2102
    1.2280
    1.2473
    1.2660
    1.2809
    1.2883
    1.2842
    1.2655
    1.2321
    1.1868
    1.1340
    1.0777
    1.0211
    0.9659
    0.9131
    0.8629
    0.8149
    0.7686
    0.7236
    0.6797
    0.6371
    0.5962
    0.5578
    0.5229
    0.4926
    0.4689
    0.4541
    0.4517
    0.4652
    0.4974
    0.5478
    0.6120
    0.6831
    0.7541
    0.8196
    0.8763
    0.9226
    0.9582
    0.9834
    0.9991
    1.0066
    1.0072
    1.0026
    0.9948
    0.9861
    0.9792
    0.9773
    0.9834
    0.9995
    1.0260
    1.0602
    1.0963
    1.1269
    1.1464
    1.1530
    1.1489
    1.1378
    1.1233
    1.1087
    1.0964
    1.0876
    1.0829
    1.0816
    1.0822
    1.0820
    1.0777
    1.0657
    1.0431
    1.0094
    0.9676
    0.9223
    0.8777
    0.8370
    0.8025
    0.7748
    0.7543
    0.7400
    0.7307
    0.7245
    0.7199
    0.7158
    0.7120
    0.7091
    0.7094
    0.7160
    0.7327
    0.7622
    0.8043
    0.8547
    0.9076
    0.9584
    1.0045
    1.0451
    1.0805
    1.1114
    1.1386
    1.1626
    1.1838
    1.2025
    1.2190
    1.2337
    1.2474
    1.2612
    1.2760
    1.2916
    1.3052
    1.3115
    1.3047
    1.2823
    1.2457
    1.1983
    1.1437
    1.0852
    1.0251
    0.9651
    0.9063
    0.8497
    0.7956
    0.7444
    0.6960
    0.6502
    0.6069
    0.5660
    0.5279
    0.4934
    0.4637
    0.4406
    0.4263
    0.4239
    0.4374
    0.4700
    0.5224
    0.5901
    0.6651
    0.7387
    0.8048
    0.8602
    0.9040
    0.9364
    0.9583
    0.9708
    0.9754
    0.9735
    0.9668
    0.9571
    0.9467
    0.9382
    0.9350
    0.9401
    0.9560
    0.9833
    1.0195
    1.0589
    1.0944
    1.1205
    1.1355
    1.1411
    1.1404
    1.1368
    1.1331
    1.1314
    1.1327
    1.1375
    1.1448
    1.1534
    1.1609
    1.1644
    1.1602
    1.1446