  2.1895919e-001
  4.7044616e-002
  6.7886472e-001
  6.7929641e-001
  9.3469290e-001
  3.8350208e-001
  5.1941637e-001
  8.3096535e-001
  3.4572111e-002
  5.3461635e-002
  5.2970019e-001
  6.7114938e-001
  7.6981862e-003
  3.8341565e-001
  6.6842238e-002
  4.1748597e-001
  6.8677271e-001
  5.8897664e-001
  9.3043649e-001
  8.4616689e-001
  5.2692878e-001
  9.1964891e-002
  6.5391896e-001
  4.1599936e-001
  7.0119059e-001
  9.1032083e-001
  7.6219804e-001
  2.6245299e-001
  4.7464514e-002
  7.3608188e-001
  3.2823423e-001
  6.3263857e-001
  7.5641049e-001
  9.9103739e-001
  3.6533867e-001
  2.4703889e-001
  9.8255029e-001
  7.2266040e-001
  7.5335583e-001
  6.5151857e-001
  7.2685883e-002
  6.3163472e-001
  8.8470713e-001
  2.7270997e-001
  4.3641141e-001
  7.6649478e-001
  4.7773177e-001
  2.3777443e-001
  2.7490684e-001
  3.5926498e-001
