    1.1157
    1.0755
    1.0287
    0.9801
    0.9331
    0.8901
    0.8518
    0.8183
    0.7887
    0.7621
    0.7371
    0.7128
    0.6885
    0.6645
    0.6413
    0.6202
    0.6037
    0.5949
    0.5979
    0.6162
    0.6511
    0.7001
    0.7577
    0.8180
    0.8766
    0.9306
    0.9788
    1.0208
    1.0563
    1.0854
    1.1083
    1.1253
    1.1371
    1.1444
    1.1487
    1.1521
    1.1569
    1.1660
    1.1809
    1.2015
    1.2242
    1.2428
    1.2503
    1.2424
    1.2191
    1.1832
    1.1388
    1.0895
    1.0385
    0.9882
    0.9399
    0.8947
    0.8528
    0.8139
    0.7770
    0.7407
    0.7038
    0.6661
    0.6282
    0.5918
    0.5589
    0.5317
    0.5125
    0.5043
    0.5101
    0.5325
    0.5720
    0.6260
    0.6891
    0.7555
    0.8201
    0.8794
    0.9315
    0.9752
    1.0098
    1.0353
    1.0520
    1.0609
    1.0633
    1.0612
    1.0566
    1.0523
    1.0509
    1.0555
    1.0682
    1.0898
    1.1183
    1.1489
    1.1743
    1.1879
    1.1864
    1.1711
    1.1459
    1.1150
    1.0822
    1.0506
    1.0219
    0.9973
    0.9768
    0.9594
    0.9431
    0.9252
    0.9028
    0.8740
    0.8387
    0.7991
    0.7585
    0.7205
    0.6880
    0.6636
    0.6493
    0.6463
    0.6549
    0.6740
    0.7015
    0.7349
    0.7720
    0.8112
    0.8520
    0.8944
    0.9386
    0.9836
    1.0271
    1.0663
    1.0989
    1.1243
    1.1433
    1.1575
    1.1689
    1.1797
    1.1917
    1.2060
    1.2231
    1.2420
    1.2611
    1.2776
    1.2880
    1.2882
    1.2748
    1.2464
    1.2049
    1.1542
    1.0986
    1.0418
    0.9858
    0.9319
    0.8806
    0.8315
    0.7844
    0.7388
    0.6943
    0.6510
    0.6093
    0.5699
    0.5336
    0.5015
    0.4752
    0.4569
    0.4496
    0.4570
    0.4822
    0.5263
    0.5864
    0.6560
    0.7279
    0.7960
    0.8561
    0.9063
    0.9456
    0.9743
    0.9932
    1.0033
    1.0061
    1.0031
    0.9962
    0.9874
    0.9794
    0.9752
    0.9781
    0.9904
    1.0133
    1.0452
    1.0816
    1.1153
    1.1395
    1.1511
    1.1509
    1.1423
    1.1292
    1.1149
    1.1020
    1.0923
    1.0866
    1.0847
    1.0853
    1.0861
    1.0841
    1.0757
    1.0575
    1.0279
    0.9887
    0.9440
    0.8985
    0.8558
    0.8185
    0.7879
    0.7642
    0.7471
    0.7353
    0.7272
    0.7212
    0.7159
    0.7109
    0.7064
    0.7040
    0.7066
    0.7178
    0.7413
    0.7782
    0.8258
    0.8786
    0.9312
    0.9801
    1.0236
    1.0618
    1.0950
    1.1242
    1.1497
    1.1723
    1.1920
    1.2093
    1.2244
    1.2381
    1.2513
    1.2653
    1.2806
    1.2961
    1.3074
    1.3085
    1.2949
    1.2658
    1.2239
    1.1730
    1.1164
    1.0570
    0.9969
    0.9375
    0.8798
    0.8246
    0.7721
    0.7225
    0.6756
    0.6312
    0.5891
    0.5495
    0.5130
    0.4806
    0.4537
    0.4343
    0.4251
    0.4296
    0.4517
    0.4936
    0.5538
    0.6259
    0.7011
    0.7717
    0.8330
    0.8831
    0.9216
    0.9491
    0.9667
    0.9756
    0.9771
    0.9729
    0.9646
    0.9544
    0.9446
    0.9383
    0.9386
    0.9486
    0.9699
    1.0018
    1.0402
    1.0784
    1.1097
    1.1302
    1.1400
    1.1417
    1.1386
    1.1341
    1.1305
    1.1295
    1.1319
    1.1375
    1.1452
    1.1532
    1.1589
    1.1589
    1.1493
    1.1271
    1.0922
    1.0482
    1.0001
    0.9521
    0.9072
    0.8668
    0.8315
    0.8007
    0.7735
    0.7487
    0.7251
    0.7018
    0.6785
    0.6557
    0.6342
    0.6159
    0.6036
    0.6011
    0.6124
    0.6400
    0.6832
    0.7376
    0.7971
    0.8564
    0.9122
    0.9626
    1.0070
    1.0451
    1.0769
    1.1026
    1.1224
    1.1368
    1.1465
    1.1525
    1.1566
    1.1610
    1.1684
    1.1809
    1.1993
    1.2214
    1.2417
    1.2534
    1.2508
    1.2323
    1.1999
    1.1574
    1.1088
    1.0573
    1.0056
    0.9554
    0.9079
    0.8637
    0.8226
    0.7840
    0.7468
    0.7096
    0.6718
    0.6338
    0.5967
    0.5625
    0.5331
    0.5109
    0.4986
    0.4993
    0.5159
    0.5500
    0.6002
    0.6618
    0.7287
    0.7951
    0.8568
    0.9115
    0.9577
    0.9948
    1.0226
    1.0415
    1.0521
    1.0559
    1.0545
    1.0499
    1.0446
    1.0415
    1.0434
    1.0529
    1.0715
    1.0983
    1.1296
    1.1587
    1.1783
    1.1836
    1.1746
    1.1543
    1.1270
    1.0967
    1.0666
    1.0391
    1.0153
    0.9957
    0.9797
    0.9656
    0.9507
    0.9320
    0.9068
    0.8743
    0.8359
    0.7948
    0.7547
    0.7189
    0.6900
    0.6702
    0.6609
    0.6626
    0.6747
    0.6954
    0.7224
    0.7536
    0.7872
    0.8226
    0.8601
    0.9003
    0.9434
    0.9881
    1.0313
    1.0699
    1.1019
    1.1270
    1.1464
    1.1617
    1.1750
    1.1881
    1.2024
    1.2186
    1.2367
    1.2555
    1.2734
    1.2881
    1.2963
    1.2944
    1.2788
    1.2484
    1.2051
    1.1533
    1.0970
    1.0394
    0.9828
    0.9279
    0.8753
    0.8247
    0.7760
    0.7287
    0.6830
    0.6390
    0.5971
    0.5578
    0.5218
    0.4902
    0.4646
    0.4471
    0.4408
    0.4494
    0.4761
    0.5218
    0.5835
    0.6544
    0.7271
    0.7953
    0.8548
    0.9037
    0.9415
    0.9685
    0.9857
    0.9944
    0.9958
    0.9917
    0.9839
    0.9746
    0.9662
    0.9620
    0.9651
    0.9780
    1.0017
    1.0346
    1.0719
    1.1066
    1.1320
    1.1452
    1.1473
    1.1415
    1.1315
    1.1207
    1.1114
    1.1053
    1.1030
    1.1043
    1.1077
    1.1110
    1.1113
    1.1048
    1.0881