0.138482   
 0.064354   
 0.617323   
 0.627353   
 0.860021   
 0.299242   
 0.461910   
 0.804387   
 0.076292   
 0.083288   
 0.494905   
 0.670160   
 0.072025   
 0.336445   
 0.096271   
 0.380711   
 0.704387   
 0.604704   
 0.893801   
 0.854703   
 0.562731   
 0.132069   
 0.712626   
 0.442680   
 0.767895   
 0.904880   
 0.829483   
 0.301559   
 0.130032   
 0.818219   
 0.386073   
 0.741140   
 0.844029   
 0.945879   
 0.465317   
 0.329867   
 0.947319   
 0.842191   
 0.862423   
 0.791948   
 0.194399   
 0.769174   
 0.903388   
 0.355038   
 0.505042   
 0.753370   
 0.450970   
 0.273527   
 0.293933   
 0.341384   
 